1 0.4821632373424895 0.3476142181134675 0.024833684486759197 0.0462420331822414
1 0.3690799315101117 0.6210561956559363 0.03939136159968712 0.06807854885163302
1 0.3951981169185996 0.5976140538343833 0.04024769554750638 0.062298294703853105
1 0.41960363443144943 0.5661437812520247 0.03939136159968704 0.07000530023422655
1 0.9469005230061724 0.4163287091023903 0.08563339478192819 0.01840640684685987
1 0.9383371835279795 0.40091469804164315 0.08563339478192819 0.01840640684685987
1 0.9272048422063284 0.3822894346765737 0.08563339478192819 0.01840640684685987
1 0.919497836675955 0.36302192085063983 0.08563339478192819 0.01840640684685987
1 0.9006584898239309 0.3463234088681639 0.08563339478192819 0.01840640684685987
1 0.8920951503457379 0.3309093978074167 0.08563339478192819 0.01840640684685987
1 0.8809628090240872 0.31677988766839843 0.08563339478192819 0.01840640684685987
1 0.9537511945887266 0.4343117220065953 0.08563339478192819 0.01840640684685987
