0 0.33739791622050147 0.4178049739719634 0.0564774772803883 0.030805896698393623
1 0.24624216231999493 0.4079100759095739 0.0997435779535794 0.02675125929244949
1 0.4357207180881622 0.22326882083225236 0.08531107697895031 0.020751343048933953
1 0.4566779025867201 0.24274756991132299 0.06571258632162387 0.02075134304893387
1 0.7660704142231389 0.3539440606047248 0.03343271935661562 0.0484198004475121
0 0.5896839983072018 0.7380142940072111 0.04957265283911966 0.062254029146801455
0 0.6375273725589102 0.7609272352904086 0.050725505230727136 0.05966011126568475
0 0.6997814017057135 0.7994036838603066 0.06225402914680159 0.06744186490903477
0 0.7510864109433741 0.831537289808574 0.06110117675519379 0.057933602708290496
0 0.8144902146706511 0.8607930737134026 0.056489767188764264 0.07090042208385697
1 0.5568822638675935 0.7804281946507169 0.027856414384209226 0.05733778627416441
1 0.5920992531401956 0.837999170080513 0.08325972743724766 0.017178122203595842
1 0.6413222842677401 0.863022137833214 0.07087909882204359 0.022052994720832574
1 0.6907248950804976 0.9008206435848729 0.07180764596818363 0.02367795222657793
1 0.7476253734668493 0.9218171330619025 0.06368354717318882 0.020428037215087083
