1 0.4250649097057662 0.8529398413263317 0.026043315953365887 0.047351483551574265
1 0.470838010472288 0.8499803736043582 0.026043315953365887 0.047351483551574265
1 0.5126651542761788 0.854123628415121 0.026043315953365887 0.047351483551574265
1 0.5647517861829106 0.8594506703146731 0.026043315953365887 0.047351483551574265
1 0.3824485745093492 0.8452452252492009 0.026043315953365887 0.047351483551574265
0 0.3543469352442813 0.9100321812520087 0.044194717981469435 0.029594677219733967
0 0.4016984187958556 0.9165430102403502 0.03945956962631193 0.04143254810762755
0 0.4506282851324825 0.9192065311901263 0.04261633519641684 0.03728929329686466
0 0.4964013858990043 0.9227578924564943 0.04577310076652189 0.040840654563232874
0 0.5461204436281573 0.9263092537228624 0.04735148355157435 0.04794337709596888
1 0.09154620153304371 0.709384412957023 0.072605608112414 0.020716274053813776
1 0.20558435775308526 0.6558180471893045 0.019729784813156 0.02604331595336575
1 0.26832507345892126 0.5253055206502777 0.050508249121679324 0.014797338609866983
1 0.1988762309166122 0.5223460529283044 0.03945956962631197 0.014797338609866912
0 0.6075549000913271 0.3836004800245738 0.025967343991165563 0.02665069514882788
0 0.5798791782060059 0.3787316030262302 0.02391729051817883 0.02613818178058118
0 0.5535701586360091 0.37719406292149016 0.025967343991165636 0.031263315463048114
0 0.5279444902236746 0.3700188757660365 0.02665069514882795 0.02818823525356798
0 0.5023188218113401 0.3672000522406797 0.027334046306490053 0.024600641675841074
1 0.6163162424874852 0.357611314038029 0.015717076626231827 0.02562566841233463
1 0.5896655473386573 0.3514611536190687 0.015717076626231827 0.02562566841233463
1 0.5677983102934652 0.349411100146082 0.015717076626231827 0.02562566841233463
1 0.5404642639869751 0.34428596646361515 0.015717076626231827 0.02562566841233463
1 0.6436502887939752 0.36017388087926244 0.015717076626231827 0.02562566841233463
1 0.3932685912346267 0.28188235253567945 0.032117504410125904 0.01127529410142717
1 0.5350502117213517 0.20651147127041689 0.02224045389902983 0.007085454339513966
