1 0.409783906891608 0.7046581476468178 0.07818328943590026 0.023787160840218608
1 0.46580956027128195 0.6677966459194705 0.07850881018109261 0.02254565454031793
1 0.5262173348347665 0.6269398846783777 0.06385995963619101 0.022609845811032637
1 0.5864408792020224 0.5915348124827663 0.07291769893511676 0.018454291163681743
0 0.608780076137795 0.5904728472887136 0.03321766874722174 0.05548621889433407
0 0.3202688964844125 0.6704644997827478 0.06782164866728735 0.04168205491010369
0 0.38667759413779806 0.6280759693656932 0.057460007898674025 0.04874680997961285
0 0.44696350406427565 0.590632767497295 0.05557607321347162 0.04733385896571086
0 0.5105462996898575 0.5549557543962741 0.05651804055607279 0.05369213852826917
0 0.5670643402459303 0.5171593147744005 0.06782164866728735 0.047333858965710934
