0 0.7368877329865626 0.3459037711313394 0.052015604681404426 0.0442132639791938
0 0.7221499783268314 0.38816644993498045 0.05721716514954494 0.05331599479843952
0 0.7030775899436498 0.4323797139141743 0.06068487212830505 0.06111833550065022
0 0.6779367143476377 0.47919375812743825 0.06935413957520581 0.05331599479843952
0 0.6475942782834849 0.5299089726918075 0.07455570004334632 0.05331599479843952
1 0.6023193168335098 0.36578139059669845 0.1161681837884695 0.028120150296144078
1 0.5778543836651966 0.4060301516155366 0.1161681837884695 0.028120150296144078
1 0.5628597472071978 0.44864648681195346 0.1161681837884695 0.028120150296144078
1 0.5320812828986747 0.4930385026415545 0.1161681837884695 0.028120150296144078
1 0.629941015571928 0.3231650554002815 0.1161681837884695 0.028120150296144078
