0 0.46678204644825383 0.47410672906013807 0.018200726490136317 0.03196225139731269
0 0.48409493262179815 0.46493237912202046 0.01820072649013639 0.03492171911928608
0 0.5007419385578986 0.45131882760094283 0.015093285382064394 0.030186570764128718
0 0.5182767848105908 0.4412566373462333 0.019088566806728338 0.034921719119286154
0 0.4494691602747094 0.4859445999480316 0.021752087756504467 0.029594677219733967
1 0.8814731068078088 0.570516287208013 0.020448884073643096 0.01567376466312094
1 0.725797024635422 0.4314213042752631 0.021616511169258813 0.015673764663120923
1 0.9141566246608632 0.5480243325210151 0.03254550078422863 0.015673764663120943
0 0.7494070706419025 0.48209729190946615 0.012873684590584276 0.015981125698656343
0 0.15625989572019527 0.3785159216403974 0.0177568063318404 0.01953248696502442
0 0.1713531811022596 0.37170914587985865 0.014205445065472269 0.027227103042155178
0 0.18267314513880784 0.35809559435878086 0.016425045856952352 0.02604331595336582
0 0.1948809494919481 0.34773745733187394 0.015981125698656343 0.029002783675339216
0 0.20753267400338435 0.33560363967178314 0.013761524907176295 0.02485952886457653
1 0.3804796386531042 0.3256373010496554 0.013761524907176116 0.021970594335900217
1 0.5017105636936653 0.32026773560074173 0.013761524907176187 0.03455757218932048
