1 0.7133261785334615 0.02312101659112063 0.035966025808409983 0.04624203318224126
1 0.48896668420481154 0.013487259678153734 0.03596602580841008 0.02697451935630747
1 0.28515920462382177 0.22928341452861345 0.015414011060747157 0.037250526730138844
1 0.3652264287449249 0.1576724881422258 0.021408348695482148 0.03917727811273226
0 0.34210541215380424 0.1143205820338745 0.03339702396495212 0.030828022121494242
0 0.7531457071070607 0.4181050500227657 0.04367303133878338 0.030828022121494242
0 0.8379227679411702 0.40975579403152773 0.021408348695482006 0.02440551751284957
0 0.8195115880630556 0.4139304220271467 0.017126678956385744 0.030185771660629756
0 0.8023849091066697 0.418426175253198 0.02569001843457855 0.03532377534754552
0 0.7839737292285511 0.4168205491010364 0.029971688173674814 0.029543521199765433
0 0.6204139451950718 0.5924920825814979 0.035109691860590646 0.01734076244334055
0 0.623839280986349 0.6117595964074316 0.03682235975622916 0.017340762443340624
0 0.6324026204645418 0.634238362537688 0.04024769554750634 0.018625263365069387
0 0.6362561232297286 0.6557537529766475 0.03939136159968719 0.016698511982476134
0 0.6388251250731866 0.6769480181851736 0.037678693704048645 0.024405517512849677
1 0.581933926222797 0.5976162252296304 0.039245958540177525 0.012063306928333333
1 0.587080937178886 0.6229491697791303 0.025091678410933228 0.013510903759733352
1 0.589976130841686 0.6420091947258969 0.02830856025848874 0.012063306928333404
1 0.5980183354605748 0.6639644133354633 0.023804925671910906 0.013510903759733281
1 0.6002701527538636 0.6854370996678967 0.03216881847555541 0.016888629699666636
1 0.5616675705831973 0.9215885049658339 0.02187479656337764 0.02653927524233325
1 0.4836921361094611 0.9072176962867264 0.05147010956088864 0.013028371482599839
1 0.7484398395211568 0.4499613484268311 0.016727785607288867 0.028469404350866513
1 0.7661326896827123 0.44827248545686443 0.013510903759733423 0.024126613856666524
1 0.7841472280290234 0.44441222723979784 0.009650645542666609 0.024126613856666524
1 0.8018400781905788 0.4424820981312645 0.009007269173155379 0.025091678410933155
