0 0.6612088713401644 0.15710403091812103 0.0428313438924804 0.033127367541840196
0 0.6946708587561646 0.14028938224158094 0.04015438489920029 0.02660227999572015
0 0.7254558871788848 0.12221990903694081 0.04015438489920015 0.02860999924068018
0 0.7535639566083251 0.10992262866156073 0.037477425905920396 0.032123507919360215
0 0.7876951837726451 0.0921041203625406 0.042831343892480195 0.04065631471044026
1 0.7368886964817559 0.1656464308288173 0.04756047946788053 0.01802865922399883
1 0.7676737249044757 0.14958467686913723 0.04756047946788053 0.01802865922399883
1 0.7957817943339163 0.13502871234317715 0.04756047946788053 0.01802865922399883
1 0.8285745420015961 0.11946888819473701 0.04756047946788053 0.01802865922399883
1 0.7101191065489557 0.18170818478849746 0.04756047946788053 0.01802865922399883
1 0.06320305200084755 0.13482454330508667 0.01726859344285452 0.030824439295495304
1 0.04334416954156486 0.14026415023958588 0.014160246623140709 0.0334147283119235
1 0.06354842386970465 0.255920554823104 0.014505618491997803 0.022794543344567975
1 0.04127193832842231 0.25022191898696206 0.014160246623140704 0.028493179180709944
1 0.019513510590425612 0.2370114450031783 0.016923221573997435 0.03315569941028066
0 0.00362640462299945 0.12096649706719592 0.0072528092459989 0.016577849705140348
0 0.542366279497864 0.4210094117988312 0.03474232395359977 0.0188187588081999
0 0.560380817844175 0.4393456383298978 0.028308560258488668 0.021713952470999873
0 0.578395356190486 0.4581643971380977 0.03216881847555541 0.022679017025266503
0 0.5951231417977748 0.477465688223431 0.03216881847555541 0.023644081579533207
0 0.6128159919593302 0.49821457614016423 0.04181946401822202 0.023644081579533207
1 0.5120597873452009 0.47515280501033486 0.04889660408284422 0.014958500591133253
1 0.5307177020610231 0.4949366283728015 0.04889660408284422 0.014958500591133253
1 0.5461587349292893 0.5123077903496014 0.04889660408284422 0.014958500591133253
1 0.5609563914280449 0.533539210543468 0.04889660408284422 0.014958500591133253
1 0.49211511989035644 0.4544039170936016 0.04889660408284422 0.014958500591133253
1 0.3285472135154421 0.864825406353965 0.024158798021658906 0.03860258217066658
1 0.6180665797954406 0.7692840154815656 0.024158798021658906 0.03860258217066658
1 0.37680044122877504 0.9241768764413646 0.024158798021658906 0.03860258217066658
1 0.51497849537545 0.7614136623224493 0.058547249625510854 0.015441032868266584
