1 0.809077006905834 0.2306334456467205 0.01859947142312251 0.052078519984743325
1 0.7950401919924726 0.32085939280009695 0.01719390503875448 0.053938467127055724
1 0.6270346803520213 0.34347023894699774 0.037663929631823335 0.019839436184664196
1 0.5814659753653708 0.28395193039300537 0.00883474892598315 0.019839436184664123
1 0.48149381646608674 0.5359747681763168 0.025574273206793664 0.017979489042351915
1 0.476146468431939 0.562324019359074 0.02231936570774714 0.021079400946205737
1 0.47312405432568155 0.5942531119687677 0.02743422034910587 0.019219453803893317
1 0.47056662700500224 0.6233922838649931 0.024179312850059347 0.01921945380389346
1 0.46870667986269 0.6534614293323747 0.02324933927890335 0.02355933046928868
0 0.4501072084395673 0.5263650412743701 0.02324933927890328 0.029759154276996113
0 0.448014767904466 0.5561241955513663 0.023714326064481313 0.021079400946205595
0 0.44522484719099764 0.5865033322091332 0.021854378922169106 0.024799295230830225
0 0.43987749915684987 0.6153325129149734 0.02324933927890328 0.022939348088517945
0 0.43871503219290475 0.6426117376688865 0.02743422034910594 0.02541927761160103
0 0.21900877600726884 0.7343691300229582 0.024179312850059417 0.013019629996185672
0 0.2159863619010114 0.7154596674094502 0.022784352493325243 0.019839436184664123
0 0.2173813222577456 0.692210328130547 0.019994431779856825 0.01673952428081037
0 0.2166838420793785 0.6711309271843413 0.020459418565434893 0.017979489042351703
0 0.21505638832985524 0.6516014821900626 0.01906445820870065 0.02355933046928868
1 0.3540874372176968 0.3614497279893496 0.0106946960682955 0.0322390838000792
