1 0.3358821560277327 0.8272908610381096 0.06383580338289191 0.01342887327262046
1 0.3389960976561664 0.8389681421447363 0.06383580338289191 0.01342887327262046
1 0.3460024663201425 0.8488938310853689 0.06383580338289191 0.01342887327262046
1 0.3483379225414677 0.8634904324686521 0.06383580338289191 0.01342887327262046
1 0.35690126201966055 0.8775031697966039 0.06383580338289191 0.01342887327262046
1 0.3592367182409859 0.8897643149585618 0.06383580338289191 0.01342887327262046
1 0.3662430869049619 0.90202546012052 0.06383580338289191 0.01342887327262046
1 0.3351036706206243 0.8144458518208204 0.06383580338289191 0.01342887327262046
1 0.6311098691780113 0.8411911692548726 0.018683649770602495 0.03211252304322326
1 0.6527600138604274 0.7086518363896661 0.016348193549277284 0.03970275576253059
1 0.6652157803741626 0.6917197787850574 0.021019105991927915 0.03269638709855442
1 0.673389877148801 0.6756635172634458 0.02179759139903638 0.04495753226051235
0 0.8232483180171759 0.5018311555572785 0.04125972657674737 0.02393842626858465
0 0.1093771996987358 0.29718680416364696 0.03347487250566275 0.03386411520921676
0 0.157254052235905 0.29018043549967126 0.04048124116963891 0.03036093087722918
0 0.20279544855174877 0.28492565900168926 0.038145784948313555 0.037367299541205164
0 0.24444441783205031 0.27470803803339094 0.03892427035542205 0.033280251153885804
0 0.2876503579265688 0.26828553342474637 0.03347487250566296 0.03444797926454854
1 0.7876056093619309 0.4905183917310969 0.011677281106626467 0.035031843319879706
1 0.8413211024524131 0.4058581037080539 0.011677281106626467 0.035031843319879706
1 0.8101816861680754 0.3597328433368789 0.011677281106626467 0.035031843319879706
1 0.7704789304055449 0.4881829355097716 0.011677281106626467 0.035031843319879706
1 0.09544494298179212 0.2655522296546647 0.025883374367943565 0.029725437750685126
1 0.14120260947945723 0.2615407286314802 0.026692229816941516 0.0285121545771878
1 0.1836101869225999 0.2537227187130655 0.02750108526594005 0.027905512990439228
1 0.22850166434200203 0.24431977411846098 0.023456808020948898 0.0236590218831984
1 0.2640117127649262 0.24366254537355367 0.024265663469947026 0.030332079337434106
