0 0.37412519824842394 0.3168720931144927 0.05037083801769992 0.025412314675596445
0 0.49656116667448785 0.7439908912614328 0.05241289901841746 0.054908751352627974
1 0.4593311780942617 0.7985661607629144 0.04607247376825305 0.02954202098491917
1 0.29528561103661743 0.622495123367711 0.04607247376825305 0.02954202098491917
1 0.272142253028485 0.6415543593744082 0.04607247376825305 0.02954202098491917
1 0.3228029171703296 0.6079738006959426 0.030996325011039813 0.029542020984919194
0 0.24167675483351594 0.6741806971174188 0.025004473958902887 0.029542020984919252
1 0.46511701759629487 0.7622628540834911 0.04607247376825305 0.02954202098491917
0 0.7638614179286956 0.4638235071730813 0.0534029217369293 0.05856021324423409
0 0.790937198342045 0.4085905787722696 0.05614793173275274 0.05323655749475819
0 0.8185120714819081 0.35269219340277347 0.06388386899370985 0.055232928400811614
0 0.8415951100831509 0.2954628940959083 0.05465065355321272 0.05989112718160307
0 0.8666745195904474 0.23490630994562078 0.05839384900206298 0.0632184120250254
1 0.8362304763311904 0.44220952910943473 0.04317152084340564 0.024378096888329787
1 0.8596878344773183 0.37832566011572466 0.04317152084340564 0.024378096888329787
1 0.8946243253332535 0.33107821533912696 0.04317152084340564 0.024378096888329787
1 0.9163004030449713 0.26860199832834186 0.048499346904050104 0.024378096888329863
1 0.8100281081892391 0.4951133581198508 0.04317152084340564 0.024378096888329787
