0 0.366573289486001 0.5612041319012016 0.0409280857193108 0.03870373323456569
0 0.4168436556412414 0.5481916698654424 0.050715236652189404 0.030028758544059498
0 0.47111785626902297 0.532843637720701 0.047156272676597125 0.028694147053212403
0 0.5169395174547731 0.5211657871757889 0.04982549565829146 0.03203067578033021
0 0.5707688475856058 0.5091542837581651 0.045376790688800954 0.03203067578033014
1 0.5907880199483121 0.5588685617922192 0.03203067578033014 0.038036427489141926
1 0.5440766177686639 0.5735492881915372 0.03292041677422823 0.03937103897998931
1 0.4875780646561371 0.5815569571366197 0.02669222981694183 0.042040261961683284
1 0.43508334601615156 0.5939021134269553 0.026692229816941762 0.033365287271177164
1 0.383478368370064 0.6085828398262734 0.03203067578033021 0.03736912174371852
1 0.5809712276566824 0.0798260478018469 0.05027391560464233 0.04470948494337726
1 0.08166552696467601 0.0651617764108969 0.04804601367049497 0.023355701089824023
