1 0.32822204832573304 0.8204703809494025 0.12284335641915435 0.030278292075143858
1 0.6554529322552547 0.7913447907353642 0.09746726401331983 0.03157593316407855
1 0.4720529916858125 0.9067861151115215 0.08823959404756174 0.033306121282658266
0 0.6364208629508777 0.8910468810685156 0.0490219966930899 0.0441197970237803
1 0.5966265362235458 0.3646371459906577 0.10092764025048089 0.02681791583798423
1 0.5963381715371169 0.38885977965077473 0.09689053464046005 0.022492445541535348
1 0.5920127012406678 0.4113522251923101 0.09285342903044089 0.023357539600825136
1 0.5992218184014163 0.43557485885242514 0.10727166335193786 0.024222633660114994
1 0.5969149009099768 0.4619602276607646 0.10265782836905885 0.025087727719404852
1 0.604989112130015 0.4920222462210859 0.1118854983348168 0.025520274749049606
1 0.6081611236807444 0.5177587944849581 0.10554147523335815 0.02854810395656415
1 0.6081611236807442 0.5467394454711666 0.11130876896195709 0.024222633660114505
