1 0.3608185255613574 0.5397926084167949 0.08361447220473738 0.019909764286798318
1 0.4234571371966363 0.5035243613177394 0.007707005530373579 0.002569001843457883
1 0.4199055679608881 0.6464061849202959 0.08361447220473738 0.019909764286798318
1 0.43703224691727377 0.7087044796241486 0.08361447220473738 0.019909764286798318
1 0.47727994246478017 0.7703605238671374 0.08361447220473738 0.019909764286798318
1 0.38137054030902034 0.5911726452859519 0.08361447220473738 0.019909764286798318
0 0.43844298128347375 0.49100047733088237 0.07364471951245853 0.05202228733002159
0 0.4696991703788776 0.5414171385087421 0.06936304977336216 0.05523353963434387
0 0.5048088622394679 0.5940816762996276 0.06593771398208566 0.05908704239953055
0 0.5364932183087814 0.6502785916252685 0.07278838556464015 0.05459128917347943
0 0.5797380826736547 0.7141825124812814 0.06508138003426606 0.05651804055607259
