1 0.3034079140020405 0.7512107404346042 0.0826854900771326 0.022550588202854556
1 0.44862003500526926 0.8503820771903386 0.03690096251376168 0.0609890908213562
1 0.6686591077725148 0.3226271653112912 0.07175187155453656 0.02306310157110101
1 0.6676340810360213 0.361834437982163 0.07243522271219881 0.02255058820285434
1 0.6686591077725147 0.39719786039118476 0.07038516923921201 0.024600641675841146
1 0.6727592147184883 0.43819892985091985 0.07311857386986112 0.024600641675841004
1 0.6672924054571903 0.4748436356805581 0.06491835997791412 0.022038074834607714
0 0.7643282698452302 0.4815063094677652 0.05398474145531793 0.038438502618501715
0 0.7615948652145812 0.4374301597985499 0.05261803913999372 0.032288342199541444
0 0.7619365407934123 0.3992479138641714 0.05603479492830474 0.03587593577726828
0 0.7602281628992565 0.3613219246139164 0.04851793219402012 0.03690096251376176
0 0.7568114071109454 0.3231396786795379 0.05671814608596719 0.03331336893603485
